
Time taken to build model (full training data) : 31.62 seconds

=== Model and evaluation on training set ===

Clustered Instances

 0       572 (  8%)
 1       111 (  2%)
 2       223 (  3%)
 3       662 ( 10%)
 4        57 (  1%)
 5       516 (  8%)
 6      1039 ( 15%)
 7       243 (  4%)
 8       628 (  9%)
 9       817 ( 12%)
10        93 (  1%)
11       359 (  5%)
12       134 (  2%)
13       128 (  2%)
14       286 (  4%)
15       270 (  4%)
16       223 (  3%)
17       199 (  3%)
18       278 (  4%)


Class attribute: c
Classes to Clusters:

   0   1   2   3   4   5   6   7   8   9  10  11  12  13  14  15  16  17  18  <-- assigned to cluster
   0   0   0   0   0   0   0   0   0   0   0   0 134   0 226   0   0   0   0 | 0
   0   0   0   0   0   0 360   0   0   0   0   0   0   0   0   0   0   0   0 | 1
   0   0   0 360   0   0   0   0   0   0   0   0   0   0   0   0   0   0   0 | 2
   0   0   0 300   0   0   0   0   0   0   0   0   0   0  60   0   0   0   0 | 3
   0   0   0   0   0  28   0   0   1 211   0   0   0   0   0   0   0   0 120 | 4
   8   0   0   0   0 104   0   6  25  97   0   0   0   0   0   0   0   0 120 | 5
   0   0   0   0   0   0 358   0   0   0   0   0   0   0   0   0   0   0   0 | 6
   3   0   0   0   0   4 299   0  18  36   0   0   0   0   0   0   0   0   0 | 7
 165   0   0   0   0 117   0   0  27  51   0   0   0   0   0   0   0   0   0 | 8
 106   0   0   0   0  32   0   0 222   0   0   0   0   0   0   0   0   0   0 | 9
 151   0   0   0   0   5   0   0 150  54   0   0   0   0   0   0   0   0   0 | 10
   0   0   0   0   0   0   0   4   0   0  93   0   0  66   0   0   0 197   0 | 11
  37   0   0   0   0 114   1   2  19 187   0   0   0   0   0   0   0   0   0 | 12
  80   0   0   0   0  81   0   1  64 134   0   0   0   0   0   0   0   0   0 | 13
   0   0  89   0   0   0   0   0   0   0   0   0   0   0   0 118 153   0   0 | 14
   0   1 134   0   0   0   0   0   0   2   0   1   0   0   0 152  70   0   0 | 15
   0   0   0   2   0   0   0   0   0   0   0 358   0   0   0   0   0   0   0 | 16
   7 107   0   0  57   3   0  88   1   0   0   0   0  59   0   0   0   0  38 | 17
  15   3   0   0   0  28  21 142 101  45   0   0   0   3   0   0   0   2   0 | 18

Cluster  0 <-- 8
Cluster  1 <-- 17
Cluster  2 <-- No class
Cluster  3 <-- 2
Cluster  4 <-- No class
Cluster  5 <-- 12
Cluster  6 <-- 1
Cluster  7 <-- 18
Cluster  8 <-- 9
Cluster  9 <-- 4
Cluster 10 <-- No class
Cluster 11 <-- 16
Cluster 12 <-- No class
Cluster 13 <-- No class
Cluster 14 <-- 0
Cluster 15 <-- 15
Cluster 16 <-- 14
Cluster 17 <-- 11
Cluster 18 <-- 5

Incorrectly clustered instances :	3951.0	 57.7801 %
